# 字符串
key1 : value1 
key2 : value2

double_key_0 : 3.1415926 # 浮点数
double_key_1 : -3.1415926

int32_key_0 : 5
int32_key_1 : -5
uint32_key : 2147483648

int64_key_0 : 2147483648
int64_key_1 : -2147483648
uint64_key : 9223372036854775806

key4 : a
